name: CabinetOpeningStructuredEE-v1

env:
  episodeLength: 50

  obs_type: pixels
  im_size: 224

  cam:
    crop: center
    w: 298
    h: 224
    fov: 120
    ss: 2
    loc_p: [-0.0540000014, 1.24899995, 0.191]
    loc_r: [46.6739426, 248.6427, 5.47490708e-05]
