name: CabinetOpeningClutterEE-v1

env:
  episodeLength: 50

  obs_type: pixels
  im_size: 224

  cam:
    crop: center
    w: 298
    h: 224
    fov: 120
    ss: 2
    loc_p: [-0.0299999993, 1.38499999, 0.718999982]
    loc_r: [47.916935, 221.810501, -1.27389455e-06]
