name: DrawerClosingUR5Structured-v1

env:
  episodeLength: 50

  obs_type: pixels
  im_size: 224

  cam:
    crop: center
    w: 298
    h: 224
    fov: 120
    ss: 2
    loc_p: [-0.426999986, 0.97359997, -0.111400001]
    loc_r: [66.0646057, 267.363922, 357.472961]
